KeyFrame[1].movAvion_x = 0.000000
KeyFrame[1].movAvion_y = 0.000000
KeyFrame[1].giroAvion = 0.000000
KeyFrame[2].movAvion_x = 3.000000
KeyFrame[2].movAvion_y = -3.000000
KeyFrame[2].giroAvion = 0.000000
KeyFrame[3].movAvion_x = 6.000000
KeyFrame[3].movAvion_y = 0.000000
KeyFrame[3].giroAvion = 0.000000
KeyFrame[4].movAvion_x = 9.000000
KeyFrame[4].movAvion_y = 3.000000
KeyFrame[4].giroAvion = 0.000000
KeyFrame[5].movAvion_x = 12.000000
KeyFrame[5].movAvion_y = 0.000000
KeyFrame[5].giroAvion = 0.000000
KeyFrame[6].movAvion_x = 15.000000
KeyFrame[6].movAvion_y = -3.000000
KeyFrame[6].giroAvion = 0.000000
KeyFrame[7].movAvion_x = 18.000000
KeyFrame[7].movAvion_y = 0.000000
KeyFrame[7].giroAvion = 0.000000
KeyFrame[8].movAvion_x = 21.000000
KeyFrame[8].movAvion_y = 3.000000
KeyFrame[8].giroAvion = 0.000000
KeyFrame[9].movAvion_x = 24.000000
KeyFrame[9].movAvion_y = 0.000000
KeyFrame[9].giroAvion = 0.000000
KeyFrame[10].movAvion_x = 24.000000
KeyFrame[10].movAvion_y = 0.000000
KeyFrame[10].giroAvion = 0.000000
KeyFrame[11].movAvion_x = 24.000000
KeyFrame[11].movAvion_y = 0.000000
KeyFrame[11].giroAvion = -40.000000
KeyFrame[12].movAvion_x = 24.000000
KeyFrame[12].movAvion_y = 0.000000
KeyFrame[12].giroAvion = -80.000000
KeyFrame[13].movAvion_x = 24.000000
KeyFrame[13].movAvion_y = 0.000000
KeyFrame[13].giroAvion = -120.000000
KeyFrame[14].movAvion_x = 24.000000
KeyFrame[14].movAvion_y = 0.000000
KeyFrame[14].giroAvion = -150.000000
KeyFrame[15].movAvion_x = 24.000000
KeyFrame[15].movAvion_y = 0.000000
KeyFrame[15].giroAvion = -180.000000
KeyFrame[16].movAvion_x = 24.000000
KeyFrame[16].movAvion_y = 0.000000
KeyFrame[16].giroAvion = -180.000000
KeyFrame[17].movAvion_x = 21.000000
KeyFrame[17].movAvion_y = -3.000000
KeyFrame[17].giroAvion = -180.000000
KeyFrame[18].movAvion_x = 18.000000
KeyFrame[18].movAvion_y = 0.000000
KeyFrame[18].giroAvion = -180.000000
KeyFrame[19].movAvion_x = 15.000000
KeyFrame[19].movAvion_y = 3.000000
KeyFrame[19].giroAvion = -180.000000
KeyFrame[20].movAvion_x = 12.000000
KeyFrame[20].movAvion_y = 0.000000
KeyFrame[20].giroAvion = -180.000000
KeyFrame[21].movAvion_x = 9.000000
KeyFrame[21].movAvion_y = -3.000000
KeyFrame[21].giroAvion = -180.000000
KeyFrame[22].movAvion_x = 6.000000
KeyFrame[22].movAvion_y = 0.000000
KeyFrame[22].giroAvion = -180.000000
KeyFrame[23].movAvion_x = 3.000000
KeyFrame[23].movAvion_y = 3.000000
KeyFrame[23].giroAvion = -180.000000
KeyFrame[24].movAvion_x = 0.000000
KeyFrame[24].movAvion_y = 0.000000
KeyFrame[24].giroAvion = -180.000000
KeyFrame[25].movAvion_x = 0.000000
KeyFrame[25].movAvion_y = 0.000000
KeyFrame[25].giroAvion = -180.000000
KeyFrame[26].movAvion_x = 0.000000
KeyFrame[26].movAvion_y = 0.000000
KeyFrame[26].giroAvion = -140.000000
KeyFrame[27].movAvion_x = 0.000000
KeyFrame[27].movAvion_y = 0.000000
KeyFrame[27].giroAvion = -100.000000
KeyFrame[28].movAvion_x = 0.000000
KeyFrame[28].movAvion_y = 0.000000
KeyFrame[28].giroAvion = -60.000000
KeyFrame[29].movAvion_x = 0.000000
KeyFrame[29].movAvion_y = 0.000000
KeyFrame[29].giroAvion = -30.000000
KeyFrame[30].movAvion_x = 0.000000
KeyFrame[30].movAvion_y = 0.000000
KeyFrame[30].giroAvion = 0.000000
KeyFrame[31].movAvion_x = 0.000000
KeyFrame[31].movAvion_y = 0.000000
KeyFrame[31].giroAvion = 0.000000

